Npars <- 7 # Number of model parameters
Ndata1 <- 1896	# Number of data in the fitting dataset
Ndata11 <- 210	# Number of data in the application set site 1, batch 1
Ndata12 <- 220	# Number of data in the application set site 1, batch 2

dr<-c(1.34391143911439, 1.11586715867159, 1.03394833948339, 1, 0.918081180811808, 0.888560885608856, 0.881918819188192, 0.853136531365314, 0.830258302583026, 0.8, 0.755719557195572, 0.72619926199262, 0.692250922509225, 0.597785977859779, 0.558671586715867, 0.492988929889299, 0.401476014760148, 0.340959409594096, 0.253136531365314, 0.158671586715867, 0, 1.33802816901408, 1.11455399061033, 1.02910798122066, 1, 0.970892018779343, 0.962441314553991, 0.950234741784038, 0.915492957746479, 0.886384976525822, 0.826291079812207, 0.814084507042254, 0.765258215962441, 0.723004694835681, 0.682629107981221, 0.636619718309859, 0.608450704225352, 0.527699530516432, 0.456338028169014, 0.409389671361502, 0.370892018779343, 0, 1.30810810810811, 1.13945945945946, 1.04756756756757, 1, 0.967567567567568, 0.95027027027027, 0.944864864864865, 0.921081081081081, 0.886486486486487, 0.859459459459459, 0.827027027027027, 0.787027027027027, 0.738378378378378, 0.687567567567568, 0.636756756756757, 0.575135135135135, 0.512432432432432, 0.437837837837838, 0.349189189189189, 0.221621621621622, 0, 1.2216796875, 1.0654296875, 1.0029296875, 1, 0.9345703125, 0.9189453125, 0.92578125, 0.869140625, 0.8310546875, 0.8154296875, 0.7734375, 0.72265625, 0.6728515625, 0.6240234375, 0.578125, 0.521484375, 0.4541015625, 0.3916015625, 0.291015625, 0.2509765625, 0, 1.44044665012407, 1.19602977667494, 1.12158808933002, 1, 0.982630272952854, 0.952853598014888, 0.940446650124069, 0.930521091811414, 0.893300248138958, 0.863523573200993, 0.847394540942928, 0.795285359801489, 0.787841191066997, 0.750620347394541, 0.686104218362283, 0.580645161290323, 0.537220843672457, 0.447890818858561, 0, 1.54104046242775, 1.03005780346821, 1.03468208092486, 1, 0.975722543352601, 0.953757225433526, 0.947976878612717, 0.916763005780347, 0.901734104046243, 0.879768786127168, 0.852023121387283, 0.823121387283237, 0.773410404624277, 0.731791907514451, 0.715606936416185, 0.619653179190751, 0.55606936416185, 0.442774566473988, 0, 1.41394025604552, 1.17496443812233, 1.01422475106686, 1, 0.945945945945946, 0.935988620199146, 0.935988620199146, 0.928876244665718, 0.894736842105263, 0.863442389758179, 0.83072546230441, 0.721194879089616, 0.665718349928876, 0.590327169274538, 0.4950213371266, 0.362731152204836, 0.294452347083926, 0, 1.26279863481229, 1.11262798634812, 1.05688282138794, 1, 0.972696245733788, 0.955631399317406, 0.974971558589306, 0.964732650739477, 0.887372013651877, 0.837315130830489, 0.800910125142207, 0.784982935153584, 0.700796359499431, 0.639362912400455, 0.583617747440273, 0.536973833902162, 0.459613196814562, 0.381114903299204, 0.382252559726962, 0, 1.34724857685009, 1.10056925996205, 1.00664136622391, 1, 0.946869070208729, 0.925047438330171, 0.913662239089184, 0.889943074003795, 0.868121442125237, 0.833965844402277, 0.815939278937381, 0.77134724857685, 0.742884250474383, 0.714421252371916, 0.654648956356736, 0.588235294117647, 0.52561669829222, 0.459203036053131, 0.36527514231499, 0, 1.56307977736549, 1.16048237476809, 1.05936920222635, 1, 0.940630797773655, 0.922077922077922, 0.917439703153989, 0.880333951762523, 0.86734693877551, 0.834879406307978, 0.817254174397032, 0.793135435992579, 0.744897959183673, 0.707792207792208, 0.658627087198516, 0.609461966604824, 0.564935064935065, 0.48886827458256, 0.414656771799629, 0.291280148423006, 0, 1.53069466882068, 1.09531502423263, 1.01453957996769, 1, 0.968497576736672, 0.952342487883683, 0.938610662358643, 0.908723747980614, 0.870759289176091, 0.847334410339257, 0.803715670436187, 0.781906300484653, 0.739903069466882, 0.683360258481422, 0.627625201938611, 0.579967689822294, 0.531502423263328, 0.462843295638126, 0.390953150242326, 0.340872374798061, 0, 1.43692870201097, 1.13619744058501, 1.02742230347349, 1, 0.936014625228519, 0.926873857404022, 0.893967093235832, 0.871115173674589, 0.86654478976234, 0.823583180987203, 0.802559414990859, 0.761425959780621, 0.722120658135283, 0.691956124314442, 0.638939670932358, 0.606946983546618, 0.544789762340037, 0.480804387568556, 0.380255941499086, 0, 1.27693474962064, 1.0834597875569, 1.03641881638847, 1, 0.978755690440061, 0.971168437025797, 0.966616084977238, 0.955235204855842, 0.922610015174507, 0.908952959028832, 0.87556904400607, 0.871775417298938, 0.81866464339909, 0.772382397572079, 0.753414264036419, 0.688922610015175, 0.659332321699545, 0.569802731411229, 0.497723823975721, 0.434749620637329, 0.323975720789074, 0.298937784522003, 0, 1.43803418803419, 1.19123931623932, 1.09401709401709, 1, 0.939102564102564, 0.909188034188034, 0.897435897435897, 0.849358974358974, 0.82051282051282, 0.801282051282051, 0.768162393162393, 0.74465811965812, 0.710470085470085, 0.675213675213675, 0.616452991452991, 0.558760683760684, 0.5, 0.422008547008547, 0.393162393162393, 0, 1.41485371342836, 1.12228057014254, 1.03900975243811, 1, 0.952738184546137, 0.921230307576894, 0.912228057014254, 0.876969242310578, 0.867966991747937, 0.806451612903226, 0.781695423855964, 0.747186796699175, 0.735183795948987, 0.678919729932483, 0.635408852213053, 0.58814703675919, 0.547636909227307, 0.49437359339835, 0.422355588897224, 0.35933983495874, 0.285821455363841, 0.227306826706677, 0, 1.43067033976125, 1.14967860422406, 1.08723599632691, 1, 0.967860422405877, 0.944903581267218, 0.942148760330578, 0.895316804407714, 0.867768595041322, 0.841138659320477, 0.819100091827365, 0.773186409550046, 0.730027548209366, 0.679522497704316, 0.638200183654729, 0.59504132231405, 0.527089072543618, 0.451790633608815, 0.226813590449954, 0.146005509641873, 0, 1.47608200455581, 1.15148063781321, 1.04214123006834, 1, 0.982915717539863, 0.955580865603645, 0.963553530751708, 0.920273348519362, 0.906605922551253, 0.879271070615034, 0.837129840546697, 0.802961275626424, 0.763097949886105, 0.720956719817768, 0.676537585421412, 0.620728929384966, 0.57630979498861, 0.511389521640091, 0.501138952164009, 0, 1.252408477842, 1.09296724470135, 1.04142581888247, 1, 0.951830443159923, 0.918111753371869, 0.901252408477842, 0.864161849710983, 0.826107899807322, 0.802023121387283, 0.78757225433526, 0.775529865125241, 0.734585741811175, 0.712909441233141, 0.685452793834297, 0.657996146435453, 0.6252408477842, 0.590558766859345, 0.564065510597302, 0.523121387283237, 0.467726396917148, 0.42485549132948, 0.377649325626204, 0.307803468208092, 0.254335260115607, 0.209537572254335, 0, 1.31717747683535, 1.13471133285816, 1.071988595866, 1, 0.954383464005702, 0.940841054882395, 0.933000712758375, 0.907341411261582, 0.88168210976479, 0.856735566642908, 0.816821097647897, 0.783321454027085, 0.765502494654312, 0.734141126158232, 0.696364932287954, 0.665716322166785, 0.604419101924448, 0.555238774055595, 0.504632929436921, 0.455452601568068, 0.408410548823949, 0.340698503207413, 0.2679971489665, 0.185317177476835, 0.114041339985745, 0, 1.49969678593087, 1.09763493026076, 1.03274711946634, 1, 0.970285021224985, 0.947240751970892, 0.942995755003032, 0.889630078835658, 0.859308671922377, 0.836264402668284, 0.798665858095816, 0.773802304426925, 0.776228016979988, 0.714978775015161, 0.676167374166161, 0.644633110976349, 0.599757428744694, 0.554881746513038, 0.519102486355367, 0.488174651303821, 0.443905397210431, 0.402061855670103, 0.332929047907823, 0.254093389933293, 0.187386294724075, 0.108550636749545, 0, 1.39308855291577, 1.10295176385889, 1.0374370050396, 1, 0.969762419006479, 0.929445644348452, 0.913606911447084, 0.881929445644348, 0.861051115910727, 0.822174226061915, 0.802735781137509, 0.773938084953204, 0.755219582433405, 0.719222462203024, 0.689704823614111, 0.630669546436285, 0.611231101511879, 0.579553635709143, 0.534197264218862, 0.494600431965443, 0.44060475161987, 0.427645788336933, 0, 1.24759945130315, 1.11385459533608, 1.04526748971193, 1, 